· Lucretius ’ 43Ῡ .

'522 990, 595151, 539 146, 535

491, 546 148, 546 903, 554· 367,-

,Μωωωωωω
mmmmmmmmn
4mwmmwmfflm;
ffimffifflwfflwwm
-fflmmwwfflfflm
·ffimfflwffifflfflffl
mmfflwmmwm

Ι177, 735 353, 741 196, 765 999,Ι
“ 769 371,.771 909, 773190, ,790

371, 814374, 893 114, 899’371;

wmwmmmmwm
3Qfflwfflmwmw9

,wwQOQmfflm
.9mmfflwmmmfflmm
mfflwffimmfflmm
4Qmwffiwmmw

989 918, 999 303, 997419, 1001 -
· “ 303, 1007 961, 419, 1010 114, 1016 ,

¹ 393, 1031 315, 1039 41·, 1041315,
1048966, 1051 987, 1058 968,
1063 419, 1064 315, 1076 419,

’ 10831 1;59 967,108996109,1090

978,1 1094 9,66 111110 114, 411
1121sq. 367· 1199 30 1137 347

, 1154 9691 1155 187· 1166 154,

1169 900 1176 48 11811140, 1189

, 903, 1195 315,1 11917 314, 1991
” 113, 1999403· 193430, 315, 355,
1937 1,48- 1939 141,11949 114,
· 1959188,1961315, 1989345 ·

· 11 5 51, 90 996, 91 348, 44 94,

, 919, 349, 45 909, 350, 49114, 7 ⁶ .
. 903, 75 99, 77 351, 7930, 8930

ffimffimfflqum

⁰ 364, 99 197, 133, 107 19, 351,

119 49, ’118 18, 195 998, 199183,
133183, 149 976, 143186, 165
413, 168 353, 183 339, 190 991,

. 199374, 910 339, 999 359, 996

148, 998 961, 930903, 947 107,
953170, 955 365, 964 340, 980
303, 985 995, ,309 94, 304 986,
307 188, 308171, 318133, 393

mfflmmmem{'
3wmmfflwwwffi
ffimfflwmfflwffim

347, 409 976, 415 41, 69, 439

Μωυψωπωω,
ΜΜΛΜΜΜΜΛἙ

wwmffissmmmw

485180, 501167, 511959, 519
134, 514998, 517 347, 360, 590 ·
339, 596 344, 531 159,»538 998, ⁴

mffiffmwmmm3·
2Qmmmmme
5mmmmwmwm

307, 697 99, 699 367, 639 981,
654 335, 656186, 664 356, 675
337, 680 114, 683 186, 685959,

699 990, 701 58, 718 30, 790 19, ‚

vmwmmmmmw

731308, 737 347, 748 374, 749 , ι

144, 750 309, 759 399, 760 104,
763 375, 768 119, 335, 361, 769 ¹
58, 777 187, 778 87, 789315,
799 374, 806 319, 839 188, 833
349, 839104, 84981, 856315,

85830, 869 148· 87197, 887356, .

93030, 941 30,946 19, 959998,

419, 965 30, 390, 979 999· 10011

mmfflmfflffimwae
mmmffimmmwm
3Qmmwwmm&
ffifflwmmffimmw
wffl31wmwmm5
mmmmm5ffimm
mmmlmmlwm‚m0
msmwmnfflffinaem
mmmmmmfflwm
nmmwfflmmmw
mmmmmwmwffi
mmfflfflmffifflw

194730, 1959147, 1973415, 1974 · ·

Μηηωηψωμω
mfflmmfflmffiwm⁴
3wmmmmwmm
lmmwmfflfffflm

1390187, 1398495, 1330393, · .

 

