¹Lucretius 41-

mmmmmmffimj

71 990, 80 969, 89 998, 8519,
96 350, 99 399, 104 975, 111100,
184,.990, 11919, 110998, 196
353, 130 364, 135 990, 147 96,

, 153 354, 390, 156 998, 180 97,

mfflfflfflwffimfflw&
ffifflffimwmfflm
&mmmmmmw

930 944,934 41, 935996, 949 ’

1Qmmmmmmw
mmmfflfflmwwffi
mffifflmmemm;
mmfflmwwwffi
wmmmmmfflw&
mffimmwffimm

. 406 19, 407 986, 411 78, 17, 415

meffimth&
fflmnwffifflmffffi
ffiffimfflfflfflmffla
2Qmmwwffmm
523 353 527 35; 535 585, 549 5;
gmffmmffimme
mffi;mm;wm;mffi
m‚fflmwmwww
ffiffimffiffimwffi

378, 667 58, 996, 687169, 689 ,

393· 690 335,Ι 714 996; 718335,
799 383, 734 497, 73741· 1739
147, 74946, 74944, 753363, ·411,
758 99, 779 998, 793 47, 79844,
805388, 806173, 817131, 839
404, 843 959, 850 380, 857 303,
87471, 908 13· 999 919, 941
397, 949914, 945490, 950135,

’ ’ 955 35, 963 94, 966349, 973176,

. 977134, 97891,7 9939001001

” w3mmmmm3mm3;

mmmmm1mmm
mfflmwmmfflfflw
nfflwffiwmwmw
QQWQQOfflffi
5
lmeQfflQm;
aewmwffiaemmaeQ

&Qfflmssffiwm

73113, 335, 74 419,“79 910, 89 “ ·

lwfflffifflmfflwffi
mfflwwfflffimffl
mffimmwmmm
Qmmffiwmuww
ffimffiwnmffim

Qmmwmwmffim

mmemwmffi3
Qwaffimaemm
mmmmmffimw

975 177, 979 177, 987 97, 989 ·
. 397, 309110, 310 148, 399 106, ·
338 313, 349 133, 351 998, 365

999, 367 143, 371 914, 349, 388

419, 399 75, 401 397, 40918, 97, “

411490, 416378, 417170, 490
378, 499998, 446 303, 447 99855,
449 43, 451 993, 455 97, 458 97,
461 59, 464 304, 465 369, 466 97,,
467 359, ,468 94, 469 190, 476
395, 498 45, 509 78, 50878, 517
369, 518 993, 314, 599 495, 595
998, 544 19, 548 155, 549 990,
551 998, 569 19, 563 71, 569 950,
581 958, 586 968, 593383, 597

38, 608 78, 611110, 630110, 639 .

343, 646 90, 659317, 663 19, 114,

‚mmmmfflwa

683 347, 690 30, 693 969, 705 317,
710 78, 190, 719 73, 791988, 796

999, 79745, 745 114, 747 156,

750 156, 75347, 759996· 78099,
196, 79944, 800310, 805 148·
80978, 8141,35 891999, 894
143, 897176, 899109, 83319,
845114, 850331, 879189, 875
30, 881 381, 88778, 891958· 897 -
30, 909 78, 918381, 999 189, 930
996, 939 996, 941 140, 9491985
951 999, 96978, 975 903, 983987,
986996, 991193,1000186,1001
303, 1019 78 1017 331419,1090
999,10.,3781094949376,1038
975, 1050114, 1061 199, 991,414,

 

