- 312.

,Μ11
’ ΜΜΜΜΜΜΜΜΜΗΜΜ

44 ·. - Lucretius

s ΜΜΜΜΜΜΜΜ,
ΜΜΜΜΜΜΜΜΜ
ΜΜΜΜΜΜΜ1
Μ;ΜΜΜΜ5;1ΜΜ;
ΜΜ;5ΜΜ;ΜΜ;

VIl5sq. 203, 19348, 34353, 40

· , 26, 42 73, 57 354, 66 104, 68 48,

133, 69 229, 85 425, 109 220, 126

32, 128 365, 130313, 138 73, 141 ’

295, 143 154, 16138, 172 38,
195222, 197413, 200 332, 204

.’5ΜΜΜΜΜΜΜ;

, 221 170, 229 42, 378, 23818, 30,

κ, ΜΜΜΜΜΜΜ5

176, 259365, 262 368, 271360,

·,υΜΜΜΜΜΜΜΜΜΜΛΜ

154, Δ307 359, 322419, 324 354,

344303, 346303, 362 104, 375 ·

374, 377511. 104, 383 354, 367,
39087, 392 368, 397 345, 371,
399287, 408 187, 414 351,419,

ΜΜΜΜΜΜΜΜ

33, 438371, 440 365, 442290,
454 148, 456 372, 458

ῚΜΜ

- Macrobius

ΜΜΜΜΜΜΜΜ
4ΜΜΜΜΜΜΜ,
ΜΜΜΜΜΜΜΜ

925 140, 411, 929 38,,946 141, · .
951 42, 95530, 967176, 419, 974 ’
87, 99, 322, 977 322, 986 114, ·

1007 114, 1009 358, 1012 374,
1017 154, 1022 281, 303, 102730,
1042 180, 1047 403,
1056 133, 1057 304, 1058 85, 86,
10621,04,10671810681341074
33 327· 414, 1078414, 080275
1085 11431 1092 30, 1095 38, 393,
1096416, 1097 30, 11 00416,“1 1101
189, 1111259, 1113283, 1132

1ΜΜΜΜΜΜΜ.

1143 117, 423, 115746, 1161420,

1167 369, 1169 317, 1172 148, 419, ·

mmmmmffim3

’1197 356, 1197 356, 1203 24οξ ·

1208 418, 1212262, 1217 213, 1226 ⁸
33, 1227167,,249, 1236 283, 1240
335, 1242 181, 210,,,1244 203,
1245 316, 422, 1251 117, 1263ν

220, 1269 420, 1277 183. ‘

472 377, 479 144, 489 34, 242, Licinius 115451 annal XVI Kraus.

491 134, 499 296, 511378, 517
“ 104,133, 531372, 537134, 538
205, 335, 543 73, 552205, 400,

ρ,ΜΜ
Μ

414, 562114, 569 210, 585 327, Macrobius (testis codicum nostrorum ⁴

587290, 592335, 593121, 595
420, 605 424, -608 24161151,
367, 619 419, 622 283, 636 386,

· 638 287, 639 342, 357, 664 281,

ΜΜΜΜΜΜΜΜ
ΜΜΜΜΜΜΜΜ
ΜῌΜΜΜΜΜΜ
ΜΜΜΜΜΜΜΜ,
ΜΜΜΜΜΜΜΜ
,ΜΜΜΜΜΜἩΜ

s ¹ 71, 262, 761 156, 763317, 777

ΜᾙΜΜΜΜΜΜ
ΜΜΜΜΜΜΜΜ

.’ 281, 829 289, 833 303, 834 331,

[sc Lucretii] archetypo fortasse non .

antiquior 292), Sam 1916 375, [II .

1·5.1511 1158217],Π 1165
Varro 15, 66751155 Longus 146,
15,8 [ubi L.11111varro 217, 71

1,18 11111. 223, 21 Enn. 424, 25 “
·11151. 83, 26 11151. 87, 2911151.

24· 3011151. 278, 43 Lucil. 81,
44 11151. 261, 45 11151. 370, 46
11151. 206, ·47 11151. 96· 4811151.
26, 4911151. 25, 50 111111. 290, 63
11151. 342, 6511151. 320, 2311151. 1
61, 511151. 75, 77, 611151. 93,

7 11111. 417, 15 11151. 145, 23 11151.

 

